770809991901114368
774623050755104768
774981041358565376
783483649450713088
783483743948288000
783483791016796160
783483791436197888
783483798876921856
783484238951649280
783539730847830020
783551208049020928
783574593105571840
783582025458397184
783623546631184384
786129293126406144
786621500157669376
786621500782706693
786763011574730752
786775299304415232
786872099784785920
786902087997263872
786903538588868608
786925093721079808
786926388729159680
787299283879940097
787304786185949184
787304835926233088
787304981992841216
787305109868859392
787684567540903936
787752773332955136
787756848954867712
787796873889263620
787937091141324800
787945989843714048
788009210219028481
788022683120177153
788115303267991552
788125168648331264
788125243500027905
788140862719008768
788140928544468992
788140950451126272
788141069372366853
788141093548335108
788141108857483264
788255284523171840
788329327398051840
788354538784825344
788361071727742976
788370488192012288
789109687467839488
789584386282786816
789612864168267776
789781285984141312
792755915611049984
792773446031642624
792773563182780416
792773615112511489
792816262082617344
793068031115038721
793097602744979458
793105785442238465
793106489950949376
793606286642409472
794132123732955136
794148256037109760
794263272191094784